R-type

  imm    rs2   rs1   f3  rd   opcode
0000000 00100 00010 000 00001 0110011 add
0100000 00100 00010 000 00001 0110011 sub
0000000 00100 00010 001 00001 0110011 SLL
0000000 00100 00010 010 00001 0110011 SLT
0000000 00100 00010 011 00001 0110011 SLTU
0000000 00100 00010 100 00001 0110011 XOR
0000000 00100 00010 101 00001 0110011 SRL
0100000 00100 00010 101 00001 0110011 SRA
0000000 00100 00010 110 00001 0110011 OR
0000000 00100 00010 111 00001 0110011 AND


i type

  immediate   rs1  f3    rd   opcode
010000000100 00010 000 00001 0010011 ADDI   
000000000100 00010 001 00001 0010011 SLLI
000000000100 00010 010 00001 0010011 SLTI
000000000100 00010 011 00001 0010011 SLTIU
000000000100 00010 100 00001 0010011 XORI
000000000100 00010 110 00001 0010011 ORI
000000000100 00010 111 00001 0010011 ANDI
        shamt
0000000 00100 00010 101 00001 0010011 SRLI
0100000 00100 00010 101 00001 0010011 SRAI


J type

0000000 00100 00010 000 00001 0110011 ->(R-type add operation)
      Immediate       rd   opcode
00000000100000000000 00111 1101111    JAL
0100000 00100 00010 000 00001 0110011 ->(R-type subtract operation)   
0000000 00100 00010 000 01001 0110011 ->(R-type add operation)  



U type
      immediate       rd   opcode
00000000000000000000 00000 0010011 ---> NOP   
00000000000000000001 00001 0010111 AUIPC
00000000000000000000 00001 0010011 LUI

B type 

0000000 00100 00010 000 00001 0110011  --->R-type add
0000000 00100 00010 000 01100 1100011 --->Branch
0100000 00100 00010 000 00001 0110011  --->R-type Sub
0000000 00100 00010 000 01001 0110011  --->r-type



S type

0000000 00100 00010 000 00001 0100011    SB


L type 

00000000000100010000011000000011        LB

00000000000100010100011010000011        LBU


example instrction 
0000000 00001 00010 100 00001 0010011




tayyab instructions

00000000000000001010010100110111
00000000000000010100010110110111
00000000101101010000011000110011
00000000000000001010011010110111
00000000000000000101011100110111
00000000010101101000011010010011
00000000000000011110011110110111
00000000111101101010000000100011
00000000101101010000011001100011
00000000000000000001100000110111
00000000100000000000000001101111
00000000000000000000100000110111
00010000000000000000100010110111
00000000100000000000000011101111
00000000000000101010100100110111
00000000000000001010100010110111
